1 -3.37766 3.7866
2 -2.9332 3.54604
3 -3.21682 3.34737
4 -3.19731 3.25286
5 -3.23309 3.15501
6 -3.01657 3.23058
7 -3.12164 3.27402
8 -3.04592 3.49491
9 -3.31102 3.18292
10 -3.11946 3.42484
11 -2.99815 3.21708
12 -3.37661 3.22004
13 -3.25037 3.23224
14 -3.55565 3.36281
15 -2.84219 3.29071
16 -2.96258 3.23609
17 -2.97473 3.62039
18 -3.01392 3.51862
19 -3.51796 3.40006
20 -2.96698 3.26213
21 -3.16807 3.04952
22 -2.95122 3.47518
23 -3.19336 3.21683
24 -3.49208 4.03322
25 -3.37817 3.61516
26 -2.92849 3.50358
27 -3.1609 3.33327
28 -3.1649 3.33088
29 -3.11052 3.33288
30 -3.55338 3.20859
31 -3.19224 3.28267
32 -2.82598 3.35792
33 -2.77601 3.24977
34 -3.26766 3.48976
35 -3.05388 3.43261
36 -3.19206 3.40834
37 -3.37399 3.47413
38 -3.11746 3.14901
39 -3.13436 3.27983
40 -3.00931 3.31983
41 -3.14798 3.38985
42 -3.16153 3.58761
43 -3.5657 3.35325
44 -3.19395 3.24307
45 -3.00718 3.515
46 -3.06258 3.5058
47 -3.05754 3.31989
48 -3.54622 3.87618
49 -3.6756 3.52901
50 -3.30116 3.29454
51 -3.3052 3.39073
52 -2.9251 3.44285
53 -3.01515 3.24507
54 -3.23937 3.09668
55 -3.04547 3.3311
56 -2.99075 3.41313
57 -3.12416 3.25301
58 -2.85532 3.29693
59 -2.94331 3.37757
60 -3.11545 3.29502
61 -2.98883 2.93392
62 -3.21284 3.27407
63 -3.2104 3.27273
64 -3.05698 3.1802
65 -3.06007 3.05074
66 -3.03375 3.31748
67 -3.39243 3.28336
68 -2.93845 3.1457
69 -3.16863 3.02993
70 -2.95063 3.57682
71 -2.99113 3.40062
72 -3.31201 3.97999
73 -3.52491 3.4755
74 -3.1609 3.51031
75 -3.28577 3.17634
76 -2.99409 3.16133
77 -3.0352 3.16979
78 -3.0435 3.09767
79 -3.07004 3.39184
80 -3.01736 3.34331
81 -3.00172 3.54877
82 -2.77793 3.21254
83 -3.03598 3.34023
84 -3.00756 3.29851
85 -3.18458 2.97717
86 -3.11682 3.42947
87 -3.02561 3.04891
88 -3.02985 3.15059
89 -2.82302 3.14042
90 -2.93957 3.38541
91 -3.22939 3.32631
92 -3.0122 3.27307
93 -3.07924 3.36906
94 -3.17851 3.43216
95 -3.11807 3.3515
96 -3.28577 3.95172
97 -3.63081 3.54465
98 -2.98043 3.42435
99 -3.11115 3.3002
100 -3.00527 3.29606
101 -3.10869 3.19056
102 -3.11478 3.07648
103 -3.1139 3.45556
104 -2.95124 3.20612
105 -3.12354 3.54
106 -3.13408 3.01317
107 -3.02636 3.49261
108 -3.07062 3.1196
109 -2.95978 3.10078
110 -3.28313 3.4452
111 -3.19339 3.32113
112 -2.82453 3.33162
113 -2.91059 3.09624
114 -3.16351 3.39238
115 -3.23989 3.19828
116 -2.83338 3.23857
117 -2.95629 3.20409
118 -3.03502 3.35159
119 -2.96309 3.60648
120 -3.24946 3.90417
121 -3.56913 3.75763
122 -3.24164 3.32838
123 -3.04003 3.29001
124 -3.14378 3.23856
125 -3.11953 3.20981
126 -3.24765 3.29059
127 -3.20653 3.39246
128 -3.00918 3.19795
129 -2.91875 3.34896
130 -3.15137 2.98275
131 -2.78046 3.18205
132 -3.42328 3.24834
133 -3.20557 3.09886
134 -3.02465 3.23088
135 -3.31841 3.1278
136 -3.05549 3.25232
137 -2.98691 3.21498
138 -3.03132 3.38491
139 -3.08492 3.18885
140 -3.24438 3.15657
141 -3.08241 3.44962
142 -3.1009 3.33568
143 -3.07745 3.32508
144 -4.04624 4.04521
145 -3.43146 3.51978
146 -3.19749 3.26617
147 -3.09025 3.05375
148 -3.02553 3.15416
149 -3.02999 3.19166
150 -3.34987 3.31225
151 -3.13555 2.96849
152 -3.02773 3.06128
153 -3.04921 3.25314
154 -3.10657 3.2095
155 -3.08023 3.1428
156 -3.42611 3.17694
157 -3.31466 3.0522
158 -3.00669 3.14041
159 -3.14861 3.18677
160 -3.19965 3.25697
161 -3.21002 3.14172
162 -2.97263 3.57401
163 -2.98927 3.35385
164 -3.04915 3.285
165 -3.10501 3.35823
166 -3.06774 3.12598
167 -3.18449 3.75598
168 -3.47927 3.9188
169 -3.42424 4.02339
170 -3.08176 3.51895
171 -3.2448 3.62608
172 -3.08494 3.92539
173 -3.18621 3.58924
174 -3.32815 3.53039
175 -3.30051 3.67972
176 -3.15605 3.41938
177 -2.86803 3.52136
178 -3.29521 3.67104
179 -2.87688 3.8152
180 -3.01624 3.81303
181 -3.33488 3.21022
182 -3.25936 3.37765
183 -3.00763 3.30221
184 -3.15721 3.43147
185 -3.28482 3.48255
186 -2.95399 3.74529
187 -3.48478 3.73575
188 -3.08315 3.57152
189 -3.24201 3.56419
190 -2.85936 3.4495
191 -3.58325 3.5453
192 -3.52305 4.05605
193 -3.48169 3.58522
194 -3.03918 3.53682
195 -3.10912 3.42889
196 -3.09351 3.51231
197 -3.0272 3.3
198 -3.35833 3.49893
199 -3.2535 3.48855
200 -3.09119 3.49105
201 -3.02032 3.21834
202 -3.28227 3.64379
203 -2.98151 3.43397
204 -2.855 3.52528
205 -3.21834 3.37593
206 -3.31761 3.58262
207 -3.24858 3.27804
208 -3.09876 3.53726
209 -3.05234 3.34304
210 -3.0863 3.45053
211 -3.23125 3.45289
212 -3.18286 3.34989
213 -3.32255 3.37837
214 -3.30963 3.42668
215 -3.14837 3.47566
216 -3.61139 4.03149
217 -3.45892 3.48614
218 -2.99354 3.31841
219 -3.07429 3.39707
220 -2.97165 3.41444
221 -3.26078 3.28766
222 -3.29915 3.34237
223 -3.28465 3.2398
224 -3.007 3.15798
225 -3.05252 3.28868
226 -3.30971 3.11652
227 -2.89351 3.48104
228 -3.38733 3.44966
229 -3.10082 3.11546
230 -3.472 3.22621
231 -3.22088 3.16561
232 -3.20267 3.39217
233 -3.20018 3.24606
234 -3.02886 3.51862
235 -3.4138 3.42429
236 -3.14746 3.19849
237 -3.32842 3.14227
238 -3.21108 3.45535
239 -3.11067 3.34603
240 -3.27087 4.01075
241 -3.45212 3.49097
242 -3.03775 3.27452
243 -3.24092 3.47116
244 -2.89356 3.48862
245 -3.02706 3.38104
246 -3.1125 3.00303
247 -3.06861 3.30449
248 -3.1533 3.3383
249 -3.32338 3.13463
250 -3.60742 3.39837
251 -2.98609 3.49527
252 -2.9469 3.41253
253 -3.01704 2.98993
254 -3.5574 3.29002
255 -3.269 3.19027
256 -3.07186 3.25602
257 -3.32001 3.26023
258 -3.16467 3.51631
259 -3.30208 3.28592
260 -3.08667 3.23908
261 -3.46298 3.07909
262 -3.35691 3.29346
263 -3.16666 3.41866
264 -3.30811 3.96266
265 -3.59386 3.74794
266 -2.97246 3.19393
267 -3.06507 3.71709
268 -2.97086 3.39819
269 -3.08081 3.40948
270 -3.10164 3.31859
271 -3.23458 3.4181
272 -3.29312 3.35779
273 -3.10291 3.43589
274 -3.52489 3.46853
275 -2.89728 3.59603
276 -3.12443 3.44382
277 -3.08918 3.12986
278 -3.31095 3.37735
279 -3.31295 3.2041
280 -2.98642 3.31248
281 -3.08085 3.17599
282 -3.09338 3.5393
283 -3.14669 3.24784
284 -3.05887 3.17024
285 -3.13276 3.42539
286 -3.28584 3.43633
287 -3.28437 3.30995
288 -3.51421 3.97837
289 -3.62086 3.59798
290 -3.04696 3.37771
291 -3.12551 3.27926
292 -3.04468 3.30344
293 -3.2516 3.38694
294 -3.12754 3.38449
295 -3.31807 3.41163
296 -3.52556 3.39108
297 -3.00045 3.13073
298 -3.45356 3.1094
299 -3.14094 3.53
300 -3.05451 3.27031
301 -3.04812 3.20379
302 -3.25745 3.49086
303 -3.10329 3.68668
304 -3.20536 3.23824
305 -3.41274 3.11102
306 -3.24723 3.60604
307 -3.01994 3.30721
308 -3.08945 3.15801
309 -2.96228 3.39284
310 -3.02374 3.63674
311 -3.21389 3.55505
312 -3.66567 3.97431
313 -3.58586 3.75329
314 -2.96843 3.40412
315 -3.34571 3.13819
316 -3.26397 3.24155
317 -2.96519 3.37537
318 -3.29194 3.09534
319 -3.06233 3.72234
320 -3.29637 3.24644
321 -3.12903 3.05757
322 -3.24788 3.1761
323 -3.04936 3.42644
324 -2.98031 3.46822
325 -3.18757 3.19334
326 -3.26509 3.52156
327 -2.98618 3.43741
328 -3.02348 3.34601
329 -3.35507 3.03488
330 -3.1914 3.34104
331 -3.1467 3.27176
332 -3.1736 3.21041
333 -3.2384 3.25426
334 -3.09377 3.12353
335 -3.26401 3.66435
336 -4.11638 3.94333
337 -3.52506 3.54191
338 -3.77002 3.61012
339 -3.05617 3.65669
340 -3.14736 3.8958
341 -3.05384 3.46123
342 -3.2157 3.4425
343 -3.30288 3.60456
344 -3.06855 3.37856
345 -3.04175 3.57597
346 -3.16866 3.85665
347 -3.31144 3.91115
348 -2.8793 3.57222
349 -3.10037 3.44401
350 -3.40632 3.87822
351 -3.19465 3.42304
352 -3.15049 3.5484
353 -3.06016 3.37689
354 -3.04166 3.82508
355 -3.211 3.58357
356 -3.32644 3.33676
357 -3.15764 3.69317
358 -3.17209 3.78413
359 -3.23104 3.57592
360 -3.51325 3.99803
361 -3.80325 3.88427
362 -3.14175 3.4008
363 -3.15137 3.71445
364 -3.06932 3.63795
365 -3.01531 3.30141
366 -3.35703 3.51999
367 -3.48302 3.4414
368 -3.30099 3.19641
369 -2.92011 3.32872
370 -3.47417 3.60478
371 -3.08176 3.44239
372 -2.94373 3.42394
373 -3.15948 3.37249
374 -3.46938 3.58449
375 -3.29348 3.10418
376 -3.16026 3.41231
377 -2.97176 3.25717
378 -3.06035 3.59942
379 -3.07406 3.70892
380 -3.28675 3.52766
381 -3.4441 3.62656
382 -3.22507 3.38012
383 -3.2401 3.45261
384 -3.37775 4.0604
385 -3.32396 3.44642
386 -3.17317 3.34591
387 -3.24108 3.33268
388 -2.99015 3.42087
389 -3.16434 3.40477
390 -3.31114 3.36056
391 -3.33581 3.30872
392 -3.12567 3.31752
393 -3.15231 3.30574
394 -3.69951 3.28329
395 -3.05518 3.55856
396 -3.04021 3.61565
397 -3.10435 3.30427
398 -3.34924 3.39936
399 -3.38441 3.39767
400 -3.15917 3.57181
401 -3.27901 3.34
402 -2.99432 3.83817
403 -3.0767 3.73176
404 -3.0499 3.57324
405 -3.39041 3.48017
406 -3.30738 3.33042
407 -3.16281 3.54003
408 -3.43089 4.06169
409 -3.61529 3.36899
410 -3.1266 3.30807
411 -3.40391 3.54172
412 -3.11045 3.53868
413 -3.02552 3.37512
414 -3.0949 3.23298
415 -3.07044 3.34131
416 -3.05019 3.28503
417 -3.05265 3.25637
418 -3.76397 3.43532
419 -3.07909 3.4689
420 -3.01955 3.48785
421 -3.10209 3.23298
422 -3.64068 3.277
423 -3.38967 3.35142
424 -3.046 3.41133
425 -3.33658 3.24681
426 -3.17722 3.8974
427 -3.1407 3.5439
428 -2.91954 3.48977
429 -3.57126 3.45282
430 -3.37698 3.20096
431 -3.25902 3.38604
432 -3.4281 4.03556
433 -3.57941 3.50295
434 -3.00615 3.40374
435 -3.26812 3.32125
436 -3.01942 3.40846
437 -3.35817 3.18136
438 -3.14279 3.21376
439 -3.08966 3.41884
440 -3.03953 3.46907
441 -2.96832 3.15353
442 -3.61064 3.42956
443 -2.91249 3.56662
444 -2.90953 3.28293
445 -3.0257 3.30798
446 -3.37658 3.39116
447 -3.22904 3.30805
448 -3.25869 3.26809
449 -3.33318 3.27924
450 -3.12091 3.94327
451 -3.14425 3.45019
452 -3.00475 3.24177
453 -3.25547 3.34587
454 -3.04046 3.4015
455 -3.3691 3.27983
456 -3.47644 3.99515
457 -3.56106 3.6055
458 -3.03967 3.4183
459 -3.44837 3.08032
460 -2.88642 3.37129
461 -3.29469 3.29368
462 -3.15045 3.46628
463 -3.21226 3.4148
464 -3.16876 3.23249
465 -3.08896 3.13762
466 -3.61412 3.40833
467 -2.93748 3.68796
468 -3.06757 3.40336
469 -3.06743 3.28718
470 -3.06997 3.514
471 -3.2477 3.4341
472 -3.18071 3.22622
473 -3.23373 3.28324
474 -2.97678 3.82548
475 -2.98952 3.30148
476 -3.1861 3.31416
477 -3.0442 3.43565
478 -2.94495 3.46971
479 -3.38898 3.39703
480 -3.58396 4.01707
481 -3.6533 3.70245
482 -3.19914 3.42143
483 -3.27843 3.24887
484 -2.90332 3.28345
485 -3.24606 3.44758
486 -3.1806 3.57038
487 -3.0683 3.42139
488 -3.35783 3.26731
489 -3.00218 3.25488
490 -3.17087 3.39169
491 -2.94502 3.41454
492 -2.84798 3.39965
493 -3.1139 3.37755
494 -3.14722 3.41816
495 -3.29678 3.30946
496 -2.86101 3.29022
497 -3.25179 3.23753
498 -3.08144 3.66088
499 -2.90108 3.56949
500 -3.15298 3.32555
501 -3.09305 3.63785
502 -2.99275 3.71333
503 -3.18168 3.30262
504 -3.85096 3.9829
505 -3.38489 3.92489
506 -3.11351 3.14014
507 -3.06221 3.87484
508 -3.08839 3.52915
509 -3.19637 3.17635
510 -2.97078 3.17259
511 -3.1235 3.6113
512 -2.81773 3.33899
513 -3.08405 2.9934
514 -3.1079 3.17177
515 -3.24266 3.54167
516 -3.28905 3.43545
517 -2.96993 3.25665
518 -3.22059 3.37474
519 -2.97437 3.24884
520 -2.98481 3.17449
521 -3.16524 3.33408
522 -3.18458 3.41252
523 -3.3511 3.03702
524 -3.19366 3.18178
525 -3.17956 3.10614
526 -3.10874 3.46237
527 -3.04427 3.20826
528 -3.62671 4.39408
529 -3.75991 3.95778
530 -2.96709 3.28589
531 -3.13776 3.51201
532 -3.11487 3.0554
533 -3.22022 3.14551
534 -2.93799 3.20135
535 -3.07402 3.517
536 -2.92488 3.25681
537 -2.85708 3.16603
538 -3.17848 3.16909
539 -3.33828 3.28539
540 -3.1893 3.20006
541 -2.7966 3.20304
542 -3.38942 3.02247
543 -2.91932 3.056
544 -2.91479 3.19966
545 -3.37028 3.14843
546 -2.95732 3.03618
547 -3.03087 3.52359
548 -3.23551 3.41346
549 -3.05957 3.00362
550 -3.00919 3.26446
551 -3.0424 3.32912
552 -3.84301 4.31497
553 -3.69678 4.10959
554 -3.10523 3.35676
555 -3.18156 3.48298
556 -3.41287 3.26873
557 -2.98544 3.43985
558 -2.92725 3.06783
559 -2.80541 3.21408
560 -3.01473 3.17012
561 -2.88819 2.98192
562 -3.08474 3.47154
563 -3.06471 3.47854
564 -3.08195 3.17648
565 -2.81829 3.21366
566 -2.88314 3.24972
567 -2.92417 3.38619
568 -2.8672 3.24826
569 -3.33933 3.26883
570 -2.96074 3.52913
571 -2.95154 3.2205
572 -2.93982 3.28766
573 -3.03761 3.25085
574 -2.78456 3.18606
575 -2.9044 3.30752
576 -3.43813 4.21438
577 -3.39475 4.02971
578 -3.075 3.04617
579 -2.96008 3.53675
580 -2.9003 3.58062
581 -3.08405 3.33266
582 -3.20092 3.13169
583 -3.32398 3.6151
584 -3.0014 3.42214
585 -2.93174 3.19597
586 -3.01613 3.38187
587 -3.09258 3.63335
588 -3.2245 3.34619
589 -2.89238 3.25885
590 -3.21176 3.3451
591 -2.85571 3.1153
592 -3.0551 3.1766
593 -2.96636 3.39868
594 -3.21004 3.49627
595 -3.36277 3.24018
596 -3.35001 3.23144
597 -3.31655 3.16344
598 -3.18585 3.24119
599 -2.97853 3.22323
600 -3.66981 4.3523
601 -3.42908 3.88459
602 -2.88577 3.37862
603 -3.02337 3.14938
604 -3.1027 3.05779
605 -3.28159 3.31912
606 -3.21286 3.24144
607 -2.98433 3.40049
608 -2.83113 3.80356
609 -2.96914 2.98048
610 -2.94573 3.12822
611 -3.32202 3.4817
612 -3.13747 3.29065
613 -3.15614 3.27089
614 -2.94761 3.54982
615 -2.95825 3.5294
616 -3.12309 3.10527
617 -2.92969 3.17959
618 -3.23691 3.61879
619 -3.30324 3.29564
620 -3.01629 3.17577
621 -2.98546 2.97958
622 -3.08934 3.4228
623 -3.13761 3.42259
624 -3.7492 4.1842
625 -3.40247 3.7511
626 -3.17808 3.29795
627 -3.29297 3.71443
628 -3.15019 3.30043
629 -3.09967 3.29702
630 -3.11705 3.13985
631 -2.97301 3.20841
632 -3.0512 3.36349
633 -3.02794 3.22931
634 -2.94043 3.54332
635 -3.15887 3.17648
636 -3.13654 3.14464
637 -2.9713 3.10546
638 -3.00143 3.33157
639 -3.15106 3.2561
640 -2.87113 3.31126
641 -2.96612 3.22146
642 -2.90825 3.28277
643 -3.28746 3.167
644 -2.9651 3.62007
645 -3.12985 3.61141
646 -3.22074 3.4063
647 -2.94005 3.46267
648 -3.94444 4.14661
649 -3.844 3.93124
650 -3.0274 3.1819
651 -3.3609 3.40678
652 -3.26887 3.37767
653 -3.01533 3.04629
654 -3.24767 3.14796
655 -2.8373 3.16648
656 -2.96569 3.38095
657 -3.19714 3.09011
658 -3.13505 3.31676
659 -3.01365 3.02926
660 -3.32845 3.15726
661 -3.11383 3.22231
662 -3.06254 3.02178
663 -2.84634 3.16526
664 -2.92336 3.03935
665 -3.01456 3.14106
666 -3.15684 3.53509
667 -3.18081 3.08948
668 -3.02718 3.23931
669 -3.23406 2.97539
670 -2.88334 3.36389
671 -3.02656 3.5324
672 -3.28654 4.1929
673 -3.87951 3.9415
674 -3.0103 3.26897
675 -3.33332 3.40016
676 -3.25834 3.38718
677 -3.03217 3.03969
678 -2.98229 3.16511
679 -2.86107 3.18633
680 -2.92592 3.39932
681 -3.20942 3.1428
682 -3.16728 3.33868
683 -3.02166 3.02309
684 -3.36138 3.17275
685 -3.12847 3.57439
686 -3.0364 3.06219
687 -2.83926 3.20983
688 -3.03337 3.0669
689 -2.98441 3.15127
690 -3.16929 3.58513
691 -3.18825 3.09796
692 -2.94657 3.50197
693 -3.42081 3.02915
694 -2.89322 3.3306
695 -2.9473 3.51088
696 -3.33379 4.19698
697 -3.49631 4.08326
698 -3.02316 3.18061
699 -2.96643 3.00077
700 -2.6993 3.30725
701 -2.99095 3.21112
702 -2.84493 3.20597
703 -3.25708 3.20578
704 -3.06869 3.11171
705 -2.97819 3.09547
706 -2.91519 3.32094
707 -2.91721 3.47024
708 -2.91844 3.32258
709 -3.15197 3.13328
710 -3.13361 3.60413
711 -3.00168 3.3496
712 -3.08551 3.13828
713 -3.0125 3.23373
714 -2.68233 3.01588
715 -2.8547 3.14435
716 -3.14771 3.21529
717 -3.0334 3.22292
718 -3.17982 3.05309
719 -3.21008 3.33708
720 -3.524 4.08634
721 -3.61244 3.86629
722 -3.01908 3.461
723 -3.14335 3.30523
724 -3.13448 3.45883
725 -3.01093 3.35185
726 -3.05077 3.15296
727 -2.9596 3.20419
728 -2.76513 2.98727
729 -3.28693 3.23556
730 -2.93126 3.25545
731 -2.94833 3.09831
732 -2.99158 3.0535
733 -2.78827 3.03271
734 -3.27706 3.28613
735 -2.9866 3.07172
736 -3.2348 3.17668
737 -2.98029 3.06229
738 -2.95452 3.25557
739 -3.06589 3.34091
740 -2.99514 3.03091
741 -3.07749 3.22251
742 -3.02272 3.03539
743 -3.17945 3.20808
744 -3.42117 3.88856
745 -3.35938 3.79272
746 -3.02268 3.42096
747 -3.13286 3.73525
748 -3.11581 3.42633
749 -3.1349 3.36584
750 -3.0992 3.1644
751 -3.09111 3.49988
752 -2.95673 3.44133
753 -3.19062 3.3138
754 -2.96739 3.67865
755 -2.94226 3.40326
756 -2.88932 3.20368
757 -3.1553 3.40242
758 -3.30558 3.4092
759 -2.99427 3.07607
760 -3.16481 3.17433
761 -2.95979 3.11547
762 -2.94745 3.2932
763 -3.37747 3.19681
764 -2.85785 3.2734
765 -3.01933 3.26587
766 -3.41868 3.08661
767 -3.15955 3.39615
768 -3.57679 4.05931
769 -3.44362 3.79934
770 -2.95433 3.35587
771 -3.15536 3.30744
772 -3.15173 3.14002
773 -3.04091 3.3713
774 -3.1034 3.09544
775 -3.12205 3.21288
776 -2.78562 3.40072
777 -2.8689 3.43012
778 -3.10114 3.21205
779 -3.04265 3.1002
780 -3.01253 3.04824
781 -2.96096 3.19742
782 -3.27593 3.28612
783 -2.97733 3.04029
784 -3.09438 3.22945
785 -2.97712 3.31909
786 -2.95733 3.28149
787 -3.21588 3.06254
788 -2.94942 3.02737
789 -3.02227 3.03562
790 -3.06459 3.45842
791 -3.15485 3.223
792 -3.51184 3.88976
793 -3.44443 3.80171
794 -3.16249 3.35354
795 -3.17376 3.62865
796 -3.15817 3.13078
797 -3.00839 3.40318
798 -3.11874 3.18554
799 -3.12012 3.24999
800 -2.86031 3.39669
801 -2.97055 3.43831
802 -2.89138 3.43898
803 -3.03149 3.18996
804 -3.01329 3.13807
805 -3.06812 2.98238
806 -3.31324 3.33722
807 -2.99432 3.11235
808 -3.05819 3.48088
809 -2.98984 3.05493
810 -2.94491 3.33252
811 -3.29258 3.19683
812 -3.05835 3.32236
813 -3.10414 3.05622
814 -3.09864 3.44865
815 -3.1596 3.59535
816 -3.40273 4.07154
817 -3.52218 3.63541
818 -3.1636 3.4098
819 -3.36749 3.50731
820 -3.01602 3.41987
821 -3.05202 3.27158
822 -2.93297 3.13637
823 -3.16002 3.24305
824 -3.11879 3.3035
825 -3.04968 3.52455
826 -2.94292 3.39899
827 -2.9942 3.38437
828 -3.29944 3.27265
829 -2.80729 3.04092
830 -2.88951 3.27541
831 -3.05059 3.44108
832 -2.96663 3.53976
833 -2.97423 3.26791
834 -3.07109 3.36112
835 -3.34943 3.03736
836 -2.90825 3.15792
837 -2.94301 3.28068
838 -3.07215 3.40307
839 -3.04169 3.40303
840 -3.26692 3.95836
841 -3.57972 3.61628
842 -3.15904 3.1418
843 -3.30922 3.4786
844 -2.98449 3.41771
845 -3.05226 3.25832
846 -2.93573 3.14709
847 -3.05079 3.22162
848 -3.08683 3.25711
849 -3.08795 3.25094
850 -3.0986 3.41304
851 -2.99435 3.3957
852 -3.30432 3.28116
853 -2.91524 3.06138
854 -2.84207 3.24734
855 -2.95092 3.44128
856 -2.81234 3.53274
857 -2.99208 3.28521
858 -2.98068 3.35418
859 -3.34926 3.00176
860 -2.87437 3.13915
861 -2.96092 3.2844
862 -3.08553 3.03341
863 -3.01783 3.4318
864 -3.28319 3.96077
865 -3.72008 3.93195
866 -3.2008 3.14419
867 -3.26103 3.22171
868 -3.17135 3.10209
869 -2.84343 3.09525
870 -3.03783 3.1357
871 -2.96708 3.06572
872 -2.95869 3.3855
873 -3.60228 3.11111
874 -3.21787 3.28221
875 -3.26471 3.00701
876 -3.12357 3.05151
877 -3.11567 3.20349
878 -3.06675 3.39284
879 -3.06391 2.98715
880 -3.26933 3.0667
881 -2.94643 3.03538
882 -3.10617 3.41745
883 -3.18283 3.10302
884 -3.132 3.24391
885 -3.08152 3.15036
886 -3.17008 3.39413
887 -2.98167 3.56127
888 -3.5985 4.28841
889 -3.33738 3.9548
890 -3.01738 2.97703
891 -3.04612 3.39802
892 -3.11144 3.10003
893 -3.1547 3.33126
894 -2.949 3.24101
895 -2.96638 2.98642
896 -2.90459 3.31345
897 -3.10482 3.0562
898 -3.10956 3.21223
899 -3.21307 3.01535
900 -2.94484 3.05046
901 -2.96891 3.29714
902 -2.82138 3.47584
903 -2.73694 3.06214
904 -2.83293 3.03348
905 -2.9685 2.91882
906 -3.05594 3.11
907 -2.77593 3.03827
908 -2.92015 3.35726
909 -2.87979 3.26863
910 -2.81928 3.13132
911 -3.06928 3.13137
912 -3.47355 4.08025
913 -3.64537 3.87845
914 -3.19386 3.58765
915 -3.43872 3.59833
916 -3.25279 3.68177
917 -3.05555 3.5268
918 -3.18171 3.92711
919 -2.90272 3.62627
920 -3.11818 3.56107
921 -3.00403 3.93057
922 -3.51294 3.47662
923 -3.39237 3.80787
924 -3.05901 3.30657
925 -3.07417 3.56158
926 -3.15494 3.34938
927 -3.259 3.35604
928 -3.29911 3.73145
929 -3.25939 3.44947
930 -3.39393 3.67949
931 -3.58106 3.44396
932 -3.09813 3.58443
933 -3.22185 3.36193
934 -3.33749 3.81881
935 -3.31592 3.73501
936 -3.90007 3.96928
937 -3.77814 3.79132
938 -2.99166 3.0202
939 -3.10209 3.22415
940 -3.07366 3.12981
941 -2.79887 3.07298
942 -3.09054 2.8787
943 -3.16299 3.02654
944 -3.32536 3.01983
945 -3.00246 2.95271
946 -3.16094 3.16418
947 -3.91948 3.13194
948 -2.99247 2.9746
949 -2.84853 3.02444
950 -3.20566 2.91727
951 -3.1635 3.1997
952 -2.75792 3.22962
953 -2.96652 2.94912
954 -3.70084 3.33444
955 -3.24025 3.14086
956 -3.03977 3.57959
957 -3.23787 2.95045
958 -3.01841 3.34638
959 -3.33185 3.24594
960 -4.18311 3.96933
961 -3.65646 3.86902
962 -3.10534 3.87866
963 -3.02533 3.56857
964 -2.99509 3.77765
965 -3.34881 3.55902
966 -2.96116 3.69846
967 -3.17119 3.63636
968 -3.37172 3.75336
969 -3.12442 3.84771
970 -2.98664 3.54265
971 -3.44997 3.639
972 -3.23326 3.64938
973 -3.33909 3.69051
974 -3.17897 3.82033
975 -3.3503 3.53293
976 -3.02642 3.75509
977 -3.19569 3.89028
978 -2.83251 3.65149
979 -3.55941 3.55416
980 -3.30531 3.86198
981 -3.43121 3.4647
982 -3.58547 3.88255
983 -3.56337 3.83816
984 -3.50009 3.95155
985 -3.50806 3.95416
986 -3.13859 3.1578
987 -3.09656 3.09117
988 -3.08926 3.51461
989 -3.232 3.32515
990 -3.09587 3.15735
991 -2.75683 3.05016
992 -2.81827 3.00138
993 -3.13772 3.10258
994 -3.06258 2.94354
995 -2.90262 3.41987
996 -2.86823 3.32637
997 -3.0044 3.55641
998 -2.79409 3.16967
999 -2.85102 3.12993
1000 -2.80337 3.12363
1001 -3.15241 2.94511
1002 -3.34875 3.31862
1003 -3.01256 3.01719
1004 -3.12677 3.06843
1005 -3.07764 3.18686
1006 -3.07095 3.14301
1007 -2.86138 3.4499
1008 -3.80674 3.87426
1009 -3.78106 4.05003
1010 -3.27359 3.82975
1011 -3.35644 3.6621
1012 -3.14223 3.848
1013 -3.2942 3.86858
1014 -3.15218 3.96335
1015 -3.14342 3.89672
1016 -3.12728 3.76316
1017 -3.18892 4.02144
1018 -3.08921 3.90203
1019 -3.37711 4.10325
1020 -3.33168 4.0118
1021 -2.9809 4.15959
1022 -3.43548 3.69532
1023 -3.29592 3.67323
1024 -3.10727 3.89592
1025 -3.20524 3.94962
1026 -3.15231 3.85704
1027 -3.35702 3.99678
1028 -3.22724 4.14159
1029 -3.34392 3.68067
1030 -3.5673 3.86425
1031 -3.40831 3.93833
1032 -3.78157 3.95881
1033 -3.47306 3.60465
1034 -3.0318 3.09098
1035 -3.12887 3.09484
1036 -3.07942 3.32522
1037 -3.24566 3.28591
1038 -2.95059 3.0472
1039 -2.97519 2.94366
1040 -3.02881 2.91177
1041 -2.90191 2.9374
1042 -3.51588 2.54369
1043 -3.17424 3.02139
1044 -2.76871 3.1785
1045 -2.83825 3.00571
1046 -3.16983 2.7744
1047 -3.05443 2.72666
1048 -2.92075 3.05864
1049 -2.70924 3.00205
1050 -3.06386 2.98572
1051 -2.91577 2.96243
1052 -2.94088 3.26006
1053 -3.1452 2.91044
1054 -2.97894 2.85842
1055 -3.07213 3.38528
1056 -3.88528 3.95322
1057 -3.69582 3.75902
1058 -3.13296 3.72294
1059 -3.27645 3.68428
1060 -3.05511 3.7143
1061 -2.94945 3.6601
1062 -3.34301 3.65274
1063 -3.01475 3.67496
1064 -3.17225 3.59997
1065 -3.23285 3.75141
1066 -3.2175 3.62478
1067 -3.14811 3.98668
1068 -3.24953 3.6539
1069 -3.05796 3.61709
1070 -2.95703 3.6309
1071 -3.12032 3.40219
1072 -3.22211 3.53663
1073 -3.35701 3.63823
1074 -3.25344 3.95808
1075 -3.09582 3.53547
1076 -2.97946 3.54751
1077 -3.34682 3.75954
1078 -3.30865 3.35624
1079 -3.18325 3.72453
1080 -3.4897 3.8431
1081 -3.74237 3.54074
1082 -3.06612 3.60165
1083 -3.28981 3.34402
1084 -2.94581 3.10826
1085 -2.9991 3.60842
1086 -3.19881 3.44789
1087 -3.20334 3.39876
1088 -3.01666 3.5117
1089 -3.03748 3.23488
1090 -2.94637 3.31724
1091 -3.03882 3.24866
1092 -2.87519 3.60675
1093 -3.32045 3.23472
1094 -2.97073 3.77156
1095 -3.12823 3.47235
1096 -3.03053 3.16202
1097 -2.9597 3.35883
1098 -3.20399 3.13442
1099 -3.09402 3.2934
1100 -3.39527 3.11743
1101 -3.33067 3.38848
1102 -3.14085 3.59497
1103 -3.32986 3.1846
1104 -3.76182 4.01149
1105 -3.32851 3.77931
1106 -3.15366 3.78009
1107 -3.08464 3.9746
1108 -3.453 3.89119
1109 -3.01336 3.65333
1110 -3.01437 3.77925
1111 -3.16025 3.93276
1112 -2.95129 3.83173
1113 -3.00687 4.19271
1114 -3.19301 3.82778
1115 -3.21889 3.78553
1116 -3.08069 3.64441
1117 -3.30639 3.72957
1118 -3.08308 3.991
1119 -3.02168 3.70108
1120 -3.0775 3.87416
1121 -3.11363 4.04797
1122 -3.10912 3.89734
1123 -3.16503 3.91519
1124 -3.25281 3.78457
1125 -3.39054 3.86234
1126 -3.43098 3.91943
1127 -3.47227 4.04099
1128 -3.59657 3.91659
1129 -3.50081 3.70865
1130 -3.17248 3.57446
1131 -3.34428 3.80361
1132 -3.12684 3.65317
1133 -3.10395 3.70205
1134 -3.28892 3.87137
1135 -3.23736 3.68088
1136 -3.15019 3.72099
1137 -3.03396 3.67658
1138 -3.14881 3.79672
1139 -2.9848 3.68174
1140 -3.35894 3.88748
1141 -2.96085 3.30191
1142 -3.23495 3.55383
1143 -3.19995 3.56185
1144 -3.05567 3.67866
1145 -3.0728 3.64746
1146 -3.08516 3.80712
1147 -3.52682 3.99519
1148 -3.24781 3.48144
1149 -3.18404 3.52717
1150 -3.32435 3.70109
1151 -3.12705 3.85254
1152 -3.46083 3.95752
1153 -3.26872 3.88479
1154 -3.06139 3.39961
1155 -3.15519 3.62428
1156 -2.95386 3.56457
1157 -2.87683 3.47844
1158 -3.20861 3.82585
1159 -3.37526 3.40876
1160 -3.37085 3.90083
1161 -3.25696 3.40565
1162 -3.56637 3.52828
1163 -2.98586 3.73747
1164 -3.04644 3.81763
1165 -3.10435 3.23493
1166 -3.15533 3.5584
1167 -3.36662 3.39658
1168 -3.16847 3.3249
1169 -3.26173 3.52509
1170 -3.14859 3.68938
1171 -3.27258 3.99972
1172 -3.16696 3.63712
1173 -3.23856 3.50053
1174 -3.24797 3.40297
1175 -3.18069 3.66927
1176 -3.47079 3.9814
1177 -3.34729 3.61843
1178 -3.00039 3.40679
1179 -3.46473 3.40823
1180 -3.06268 3.4936
1181 -2.99894 3.41907
1182 -3.08385 3.48083
1183 -3.34832 3.48631
1184 -3.22893 3.61852
1185 -2.99439 3.50208
1186 -3.87151 3.42494
1187 -3.1555 3.71369
1188 -3.18637 3.80583
1189 -3.13818 3.34916
1190 -3.12186 3.49663
1191 -3.36365 3.49066
1192 -3.1643 3.32234
1193 -3.52906 3.57353
1194 -3.10998 3.7822
1195 -3.36473 3.98805
1196 -3.05385 3.65602
1197 -3.13833 3.57976
1198 -2.99469 3.34558
1199 -3.22234 3.54874
1200 -3.49013 3.96837
1201 -3.58865 3.53398
1202 -2.89578 3.4122
1203 -3.40717 3.29042
1204 -3.17248 3.46029
1205 -2.91187 3.45986
1206 -3.15012 3.41121
1207 -3.30455 3.35354
1208 -3.14658 3.53842
1209 -2.87625 3.31344
1210 -3.70102 3.3916
1211 -3.07366 3.6089
1212 -3.03055 3.54781
1213 -3.27767 3.39145
1214 -3.04032 3.42704
1215 -3.29353 3.36811
1216 -3.24866 3.28034
1217 -3.74594 3.48183
1218 -3.02131 3.91372
1219 -2.94623 3.77422
1220 -3.33201 3.50214
1221 -2.99364 3.48282
1222 -2.98753 3.37078
1223 -3.34705 3.38114
1224 -3.51746 3.98144
1225 -3.74413 3.47991
1226 -3.08961 3.27088
1227 -3.34001 3.50419
1228 -3.05984 3.39344
1229 -2.9325 3.44074
1230 -3.11262 3.52306
1231 -3.09161 3.67118
1232 -3.059 3.46747
1233 -3.06265 3.47479
1234 -3.51397 3.34022
1235 -3.139 3.74857
1236 -3.186 3.43003
1237 -3.23277 3.44544
1238 -3.07411 3.54644
1239 -3.12811 3.48804
1240 -3.41354 3.57996
1241 -3.7782 3.49597
1242 -3.11808 3.74853
1243 -2.91746 3.63765
1244 -3.39967 3.41472
1245 -3.00422 3.59175
1246 -3.01049 3.22428
1247 -3.40805 3.43813
1248 -3.74735 3.96544
1249 -3.35549 3.73288
1250 -3.09582 3.35549
1251 -3.3756 3.27632
1252 -3.02082 3.37445
1253 -3.03013 3.52665
1254 -3.08659 3.52223
1255 -3.05102 3.59622
1256 -2.98402 3.30861
1257 -3.10561 3.32089
1258 -3.52588 3.15252
1259 -3.05792 3.39221
1260 -3.15101 3.44495
1261 -2.99484 3.42977
1262 -3.0253 3.41143
1263 -3.26898 3.35613
1264 -3.44126 3.40666
1265 -3.49909 3.18257
1266 -3.13405 3.5448
1267 -3.02024 3.4043
1268 -2.96326 3.41582
1269 -3.11632 3.71566
1270 -2.94229 3.26333
1271 -3.39885 3.36937
1272 -3.74529 3.94105
1273 -3.68763 3.8709
1274 -2.99478 3.4335
1275 -3.3241 3.15194
1276 -3.09492 3.18219
1277 -3.2366 3.45128
1278 -3.27048 3.48685
1279 -3.09168 3.64755
1280 -3.06776 3.35773
1281 -3.10244 3.51344
1282 -3.3133 3.34411
1283 -2.86364 3.3103
1284 -2.88868 3.62475
1285 -2.99821 3.4483
1286 -3.00248 3.31514
1287 -3.02562 3.50269
1288 -3.4723 3.63912
1289 -3.51984 3.27139
1290 -3.02481 3.35429
1291 -2.85877 3.55231
1292 -2.9627 3.4542
1293 -3.13235 3.95039
1294 -2.87765 3.51145
1295 -3.81312 3.66027
1296 -3.63763 3.99998
1297 -3.76159 3.89694
1298 -3.36344 3.531
1299 -3.178 3.15954
1300 -2.92992 3.62969
1301 -3.13933 3.45367
1302 -3.12771 3.67696
1303 -2.78293 3.56655
1304 -3.06922 3.42921
1305 -3.22987 3.209
1306 -3.08205 3.01947
1307 -2.94668 3.50064
1308 -3.10533 3.33725
1309 -3.28282 3.59941
1310 -3.02402 3.33082
1311 -3.1598 3.40249
1312 -3.51209 3.2375
1313 -3.50452 3.18978
1314 -3.11568 3.40594
1315 -3.35623 3.56907
1316 -3.0785 3.56377
1317 -3.00107 3.77249
1318 -3.28507 3.20676
1319 -3.54572 3.43834
1320 -3.64086 3.95147
1321 -3.39356 3.79769
1322 -3.06115 3.85052
1323 -3.40642 3.79604
1324 -3.03232 4.26071
1325 -3.10237 3.78029
1326 -3.13199 3.84018
1327 -3.09628 3.9856
1328 -3.20011 3.73293
1329 -3.25462 4.01111
1330 -3.2653 4.0983
1331 -3.19385 3.95443
1332 -3.15268 3.8165
1333 -3.04554 3.76057
1334 -3.08059 3.89424
1335 -3.20425 3.73775
1336 -3.04301 3.85768
1337 -3.25758 3.98169
1338 -3.18659 3.81991
1339 -3.33799 3.99316
1340 -3.20485 4.09325
1341 -3.30327 3.79946
1342 -3.45189 3.85349
1343 -3.30624 3.93268
1344 -3.9343 4.15095
1345 -3.46638 3.83325
1346 -3.09891 3.67969
1347 -3.25468 3.87166
1348 -3.21985 3.69074
1349 -2.92105 3.65081
1350 -3.16058 3.94915
1351 -3.42134 3.90882
1352 -3.40385 3.81953
1353 -3.08853 3.70179
1354 -3.29314 3.9294
1355 -3.32095 4.00306
1356 -3.25058 3.68616
1357 -3.15964 3.55902
1358 -2.98134 3.84792
1359 -3.33978 3.61132
1360 -3.04943 3.65918
1361 -3.29194 3.8268
1362 -3.16386 4.03844
1363 -3.48754 3.97313
1364 -3.18085 3.86644
1365 -3.21743 3.61802
1366 -3.27594 3.51635
1367 -3.43372 3.73803
1368 -3.85964 4.00597
1369 -3.20126 3.55683
1370 -3.12155 3.3491
1371 -3.51856 3.36993
1372 -3.1063 3.41488
1373 -3.04671 3.856
1374 -2.8456 3.32237
1375 -3.27631 3.67124
1376 -2.92439 3.75014
1377 -2.93751 3.1521
1378 -3.68203 3.34761
1379 -3.13518 3.73761
1380 -2.96996 3.6735
1381 -3.25372 3.32774
1382 -3.10187 3.65337
1383 -3.31069 3.70782
1384 -3.20371 3.29081
1385 -3.81072 3.4565
1386 -3.21614 3.57425
1387 -3.03339 3.87823
1388 -3.30148 3.25288
1389 -3.06804 3.74202
1390 -3.16001 3.55562
1391 -3.16421 3.47425
1392 -3.50819 3.90994
1393 -3.44114 3.46969
1394 -3.10968 3.50303
1395 -3.39827 3.25887
1396 -3.01611 3.81423
1397 -2.92605 3.63508
1398 -3.05177 3.75199
1399 -3.01488 3.91263
1400 -3.10781 3.60113
1401 -3.31921 3.39148
1402 -3.39028 3.1316
1403 -3.11181 3.45176
1404 -3.06516 3.71463
1405 -2.97967 3.51482
1406 -3.06328 3.51371
1407 -3.21705 3.57509
1408 -3.30617 3.63009
1409 -3.433 3.5415
1410 -3.03692 3.56377
1411 -2.84557 3.46004
1412 -2.98809 3.57782
1413 -3.19333 4.26025
1414 -3.02907 3.36611
1415 -3.14457 3.39606
1416 -3.59128 3.93806
1417 -3.38294 3.55024
1418 -3.193 3.54463
1419 -3.37591 3.45802
1420 -3.15584 3.72183
1421 -2.97618 3.75131
1422 -3.00819 3.73318
1423 -3.00516 3.92047
1424 -2.98184 3.63105
1425 -3.18534 3.47881
1426 -3.31224 3.07358
1427 -2.96752 3.48878
1428 -3.04892 3.68128
1429 -2.95887 3.59251
1430 -3.70533 3.60022
1431 -3.23769 3.56366
1432 -3.41377 3.72437
1433 -3.45682 3.51568
1434 -3.24082 3.67331
1435 -2.78734 3.46174
1436 -3.02916 3.52415
1437 -3.18185 4.26588
1438 -3.02204 3.55068
1439 -3.45677 3.60884
1440 -3.56034 3.92518
1441 -3.18836 3.80795
1442 -3.12224 3.98084
1443 -3.29901 3.75206
1444 -3.05033 3.68807
1445 -3.13434 3.8411
1446 -2.96824 3.89575
1447 -3.1173 3.9053
1448 -3.23557 3.91346
1449 -3.0091 3.72392
1450 -3.34678 4.16826
1451 -2.95522 3.63323
1452 -3.44534 3.8319
1453 -2.88693 3.90252
1454 -3.05318 3.84263
1455 -3.32276 3.79586
1456 -3.14604 3.96506
1457 -3.36696 3.98489
1458 -3.46611 4.10201
1459 -3.05578 4.09713
1460 -3.33628 3.93911
1461 -3.27375 3.76172
1462 -3.46963 3.9116
1463 -3.19634 3.83134
1464 -3.65164 4.10164
1465 -3.42627 3.7721
1466 -3.04469 3.8268
1467 -3.36216 3.74697
1468 -2.97014 3.79435
1469 -3.23583 3.93117
1470 -3.255 4.0795
1471 -3.35336 3.97471
1472 -3.29699 4.05575
1473 -3.124 3.59502
1474 -3.31217 3.92403
1475 -3.23491 3.86079
1476 -2.87696 3.9553
1477 -3.39181 3.63434
1478 -3.06962 3.88944
1479 -3.17808 3.93677
1480 -3.33534 3.75044
1481 -3.59572 3.51814
1482 -3.36972 3.83206
1483 -3.22329 4.01542
1484 -3.05402 3.64189
1485 -3.15792 3.74051
1486 -3.12478 3.8867
1487 -3.38755 3.8303
1488 -4.50203 3.92454
1489 -3.44182 3.71626
1490 -3.14567 3.70544
1491 -3.30792 3.29174
1492 -3.26929 3.6067
1493 -3.06915 3.90284
1494 -3.15727 3.84174
1495 -3.01222 4.04896
1496 -3.13291 3.76405
1497 -3.28439 3.43831
1498 -3.29706 3.46151
1499 -3.35883 3.50822
1500 -2.87785 3.91869
1501 -3.00945 3.47279
1502 -3.06595 3.7442
1503 -3.23393 3.41223
1504 -3.20173 3.89584
1505 -3.66401 3.41372
1506 -3.14275 3.68209
1507 -3.07902 3.77734
1508 -2.96034 3.73804
1509 -3.16694 3.75841
1510 -3.4589 3.55439
1511 -3.39411 3.80261
1512 -3.6646 3.92868
1513 -3.36984 4.07075
1514 -3.20989 4.15059
1515 -3.33815 3.95108
1516 -3.49482 4.36724
1517 -3.17527 4.12737
1518 -3.07849 4.07492
1519 -2.90078 4.09481
1520 -3.16083 4.0766
1521 -3.04006 3.96267
1522 -3.11881 3.88931
1523 -3.00037 4.22048
1524 -2.99431 3.95237
1525 -3.13086 4.16972
1526 -3.12334 4.13
1527 -3.37905 4.16091
1528 -3.20803 4.09221
1529 -3.42868 4.16688
1530 -3.3639 4.27054
1531 -3.60715 4.04049
1532 -3.50552 4.06196
1533 -3.29619 4.09762
1534 -3.50521 4.10288
1535 -3.42543 4.29308
1536 -3.89459 4.05873
